RandomForestClassifier with GridSearchCV
max_depth=None
min_samples_split=10
n_estimators=50
accuracy=0.9300448430493273
f1_score=0.6486486486486487
roc_auc=0.7760223435741381
